ETA = 280;

num_segments = 12;
num_speeds = 78;   // speed granularity

l = [223.86, 282.54, 303.18, 298.44, 280.51, 287.34, 284.4, 233.25, 301.8, 315.7, 293.8, 288.42];  // length of segments in nautical miles
L = [7.141422, 7.035064, 7.908901, 7.50394, 7.053662, 7.282012, 6.941257, 5.694797, 7.202646, 8.150377, 7.30818, 7.670085];      // minimal speed at segment i, SOG terms
U = [15.887441, 15.769798, 16.727121, 16.32804, 15.976711, 16.302707, 15.685936, 14.37313, 15.92141, 16.895966, 16.079122, 16.381193];   // maximal speed at segment i, SOG terms

s = [8.0, 8.1, 8.2, 8.3, 8.4, 8.5, 8.6, 8.7, 8.8, 8.9, 9.0, 9.1, 9.2, 9.3, 9.4, 9.5, 9.6, 9.7, 9.8, 9.9, 10.0, 10.1, 10.2, 10.3, 10.4, 10.5, 10.6, 10.7, 10.8, 10.9, 11.0, 11.1, 11.2, 11.3, 11.4, 11.5, 11.6, 11.7, 11.8, 11.9, 12.0, 12.1, 12.2, 12.3, 12.4, 12.5, 12.6, 12.7, 12.8, 12.9, 13.0, 13.1, 13.2, 13.3, 13.4, 13.5, 13.6, 13.7, 13.8, 13.9, 14.0, 14.1, 14.2, 14.3, 14.4, 14.5, 14.6, 14.7, 14.8, 14.9, 15.0, 15.1, 15.2, 15.3, 15.4, 15.5, 15.6, 15.7];  // possible speeds (SWS) in knots
f = [  // SOG at segment i given speed s[k]
  [7.641422, 7.741328, 7.841251, 7.941191, 8.041149, 8.141123, 8.241115, 8.341125, 8.441151, 8.541195, 8.641257, 8.741336, 8.841433, 8.941547, 9.041679, 9.141829, 9.241996, 9.342181, 9.442384, 9.542605, 9.642844, 9.743101, 9.843375, 9.943668, 10.043979, 10.144308, 10.244655, 10.34502, 10.445404, 10.545806, 10.646226, 10.746664, 10.847121, 10.947597, 11.048091, 11.148603, 11.249134, 11.349684, 11.450253, 11.55084, 11.651445, 11.75207, 11.852714, 11.953376, 12.054057, 12.154758, 12.255477, 12.356215, 12.456973, 12.55775, 12.658545, 12.75936, 12.860195, 12.961048, 13.061921, 13.162814, 13.263725, 13.364657, 13.465608, 13.566578, 13.667568, 13.768578, 13.869607, 13.970656, 14.071725, 14.172814, 14.273922, 14.375051, 14.476199, 14.577368, 14.678556, 14.779765, 14.880994, 14.982243, 15.083512, 15.184801, 15.286111, 15.387441], [7.535064, 7.634679, 7.734318, 7.833981, 7.933669, 8.033381, 8.133116, 8.232875, 8.332657, 8.432463, 8.532291, 8.632143, 8.732017, 8.831913, 8.931833, 9.031774, 9.131738, 9.231724, 9.331732, 9.431762, 9.531814, 9.631888, 9.731983, 9.8321, 9.932239, 10.032399, 10.132581, 10.232784, 10.333008, 10.433254, 10.533521, 10.63381, 10.734119, 10.83445, 10.934802, 11.035175, 11.135569, 11.235984, 11.33642, 11.436877, 11.537355, 11.637854, 11.738374, 11.838915, 11.939477, 12.04006, 12.140664, 12.241289, 12.341935, 12.442601, 12.543289, 12.643998, 12.744727, 12.845478, 12.946249, 13.047041, 13.147854, 13.248689, 13.349544, 13.45042, 13.551317, 13.652236, 13.753175, 13.854135, 13.955116, 14.056119, 14.157142, 14.258187, 14.359253, 14.460339, 14.561447, 14.662577, 14.763727, 14.864899, 14.966091, 15.067306, 15.168541, 15.269798], [8.408901, 8.508491, 8.60813, 8.70782, 8.807559, 8.907349, 9.007188, 9.107078, 9.207017, 9.307007, 9.407046, 9.507135, 9.607275, 9.707465, 9.807705, 9.907995, 10.008336, 10.108726, 10.209168, 10.309659, 10.410201, 10.510794, 10.611437, 10.712131, 10.812876, 10.913671, 11.014518, 11.115415, 11.216363, 11.317363, 11.418414, 11.519515, 11.620669, 11.721873, 11.823129, 11.924437, 12.025796, 12.127207, 12.22867, 12.330185, 12.431751, 12.53337, 12.635041, 12.736764, 12.83854, 12.940368, 13.042248, 13.144181, 13.246167, 13.348206, 13.450297, 13.552442, 13.654639, 13.75689, 13.859194, 13.961552, 14.063962, 14.166427, 14.268945, 14.371517, 14.474143, 14.576822, 14.679556, 14.782344, 14.885186, 14.988083, 15.091034, 15.19404, 15.2971, 15.400215, 15.503385, 15.60661, 15.70989, 15.813226, 15.916616, 16.020062, 16.123564, 16.227121], [8.00394, 8.103672, 8.203451, 8.303277, 8.40315, 8.50307, 8.603037, 8.703051, 8.803113, 8.903222, 9.003378, 9.103583, 9.203835, 9.304135, 9.404483, 9.504879, 9.605323, 9.705816, 9.806357, 9.906946, 10.007584, 10.108271, 10.209007, 10.309792, 10.410626, 10.511509, 10.612442, 10.713424, 10.814455, 10.915536, 11.016667, 11.117848, 11.219079, 11.32036, 11.421691, 11.523072, 11.624504, 11.725986, 11.827519, 11.929103, 12.030738, 12.132424, 12.234161, 12.335949, 12.437788, 12.539679, 12.641622, 12.743616, 12.845662, 12.94776, 13.049909, 13.152112, 13.254366, 13.356672, 13.459032, 13.561443, 13.663908, 13.766425, 13.868995, 13.971619, 14.074295, 14.177025, 14.279808, 14.382645, 14.485535, 14.588479, 14.691477, 14.794528, 14.897634, 15.000794, 15.104009, 15.207278, 15.310601, 15.413979, 15.517412, 15.6209, 15.724442, 15.82804], [7.553662, 7.649153, 7.744827, 7.840686, 7.936728, 8.032956, 8.129369, 8.225968, 8.322753, 8.419725, 8.516883, 8.61423, 8.711764, 8.809487, 8.907399, 9.005501, 9.103792, 9.202273, 9.300946, 9.399809, 9.498865, 9.598112, 9.697552, 9.797185, 9.897012, 9.997032, 10.097247, 10.197657, 10.298262, 10.399063, 10.500061, 10.601255, 10.702646, 10.804235, 10.906021, 11.008007, 11.110191, 11.212575, 11.315159, 11.417943, 11.520928, 11.624114, 11.727502, 11.831092, 11.934884, 12.03888, 12.143079, 12.247483, 12.352091, 12.456903, 12.561921, 12.667145, 12.772575, 12.878212, 12.984057, 13.090108, 13.196368, 13.302837, 13.409514, 13.516402, 13.623498, 13.730806, 13.838324, 13.946054, 14.053995, 14.162149, 14.270515, 14.379094, 14.487887, 14.596894, 14.706116, 14.815552, 14.925204, 15.035072, 15.145156, 15.255457, 15.365975, 15.476711], [7.782012, 7.881348, 7.980805, 8.080381, 8.180078, 8.279895, 8.379833, 8.479893, 8.580073, 8.680376, 8.7808, 8.881347, 8.982017, 9.082809, 9.183725, 9.284764, 9.385927, 9.487214, 9.588625, 9.690161, 9.791823, 9.893609, 9.995521, 10.097559, 10.199723, 10.302013, 10.40443, 10.506974, 10.609646, 10.712445, 10.815372, 10.918428, 11.021611, 11.124924, 11.228366, 11.331937, 11.435638, 11.539469, 11.64343, 11.747522, 11.851744, 11.956098, 12.060584, 12.165201, 12.26995, 12.374831, 12.479846, 12.584993, 12.690273, 12.795687, 12.901235, 13.006917, 13.112733, 13.218685, 13.324771, 13.430992, 13.537349, 13.643843, 13.750472, 13.857238, 13.96414, 14.07118, 14.178357, 14.285672, 14.393125, 14.500717, 14.608446, 14.716315, 14.824323, 14.93247, 15.040758, 15.149185, 15.257753, 15.366461, 15.47531, 15.584301, 15.693433, 15.802707], [7.441257, 7.541128, 7.641017, 7.740924, 7.84085, 7.940793, 8.040754, 8.140734, 8.240731, 8.340747, 8.440781, 8.540833, 8.640903, 8.740991, 8.841098, 8.941223, 9.041366, 9.141527, 9.241707, 9.341905, 9.442122, 9.542357, 9.64261, 9.742882, 9.843173, 9.943482, 10.043809, 10.144155, 10.24452, 10.344903, 10.445305, 10.545726, 10.646165, 10.746624, 10.847101, 10.947597, 11.048112, 11.148645, 11.249198, 11.34977, 11.450361, 11.55097, 11.651599, 11.752247, 11.852915, 11.953601, 12.054307, 12.155032, 12.255776, 12.356539, 12.457323, 12.558125, 12.658947, 12.759788, 12.860649, 12.96153, 13.06243, 13.16335, 13.264289, 13.365249, 13.466228, 13.567227, 13.668245, 13.769284, 13.870343, 13.971421, 14.07252, 14.173638, 14.274777, 14.375936, 14.477115, 14.578314, 14.679533, 14.780773, 14.882033, 14.983314, 15.084615, 15.185936], [6.194797, 6.290792, 6.386879, 6.483058, 6.57933, 6.675695, 6.772153, 6.868704, 6.965349, 7.062088, 7.158921, 7.255849, 7.35287, 7.449987, 7.547199, 7.644506, 7.741908, 7.839407, 7.937001, 8.034691, 8.132477, 8.230361, 8.328341, 8.426418, 8.524593, 8.622865, 8.721235, 8.819702, 8.918268, 9.016933, 9.115696, 9.214558, 9.31352, 9.41258, 9.511741, 9.611001, 9.710361, 9.809822, 9.909383, 10.009044, 10.108807, 10.208671, 10.308637, 10.408704, 10.508873, 10.609144, 10.709518, 10.809994, 10.910573, 11.011255, 11.112041, 11.212929, 11.313922, 11.415019, 11.51622, 11.617525, 11.718935, 11.82045, 11.92207, 12.023795, 12.125626, 12.227563, 12.329605, 12.431755, 12.53401, 12.636372, 12.738842, 12.841418, 12.944102, 13.046894, 13.149793, 13.252801, 13.355917, 13.459141, 13.562475, 13.665917, 13.769469, 13.87313], [7.702646, 7.802605, 7.90257, 8.002543, 8.102523, 8.20251, 8.302504, 8.402505, 8.502513, 8.602529, 8.702552, 8.802582, 8.90262, 9.002664, 9.102716, 9.202775, 9.302842, 9.402916, 9.502997, 9.603086, 9.703182, 9.803285, 9.903396, 10.003515, 10.10364, 10.203774, 10.303914, 10.404063, 10.504218, 10.604382, 10.704552, 10.804731, 10.904917, 11.00511, 11.105311, 11.20552, 11.305737, 11.405961, 11.506193, 11.606432, 11.70668, 11.806935, 11.907197, 12.007468, 12.107746, 12.208032, 12.308326, 12.408628, 12.508938, 12.609255, 12.70958, 12.809914, 12.910255, 13.010604, 13.110961, 13.211326, 13.311699, 13.41208, 13.512469, 13.612867, 13.713272, 13.813685, 13.914107, 14.014536, 14.114974, 14.215419, 14.315873, 14.416335, 14.516806, 14.617284, 14.717771, 14.818266, 14.918769, 15.019281, 15.119801, 15.220329, 15.320866, 15.42141], [8.650377, 8.750272, 8.850185, 8.950115, 9.050063, 9.150028, 9.250011, 9.350011, 9.450029, 9.550064, 9.650117, 9.750188, 9.850277, 9.950383, 10.050507, 10.150649, 10.250809, 10.350987, 10.451182, 10.551396, 10.651628, 10.751878, 10.852146, 10.952432, 11.052736, 11.153059, 11.253399, 11.353759, 11.454136, 11.554532, 11.654946, 11.755379, 11.85583, 11.9563, 12.056789, 12.157296, 12.257822, 12.358366, 12.45893, 12.559512, 12.660112, 12.760732, 12.861371, 12.962029, 13.062705, 13.163401, 13.264116, 13.36485, 13.465603, 13.566375, 13.667167, 13.767977, 13.868808, 13.969657, 14.070526, 14.171414, 14.272322, 14.37325, 14.474197, 14.575163, 14.67615, 14.777156, 14.878182, 14.979227, 15.080292, 15.181378, 15.282483, 15.383608, 15.484753, 15.585918, 15.687104, 15.788309, 15.889534, 15.99078, 16.092046, 16.193332, 16.294639, 16.395966], [7.80818, 7.907709, 8.007277, 8.106883, 8.206526, 8.306208, 8.405926, 8.505683, 8.605476, 8.705307, 8.805175, 8.90508, 9.005021, 9.105, 9.205015, 9.305066, 9.405154, 9.505279, 9.60544, 9.705637, 9.805871, 9.90614, 10.006446, 10.106788, 10.207167, 10.307581, 10.408031, 10.508518, 10.60904, 10.709599, 10.810194, 10.910824, 11.011491, 11.112193, 11.212932, 11.313707, 11.414517, 11.515364, 11.616247, 11.717166, 11.818121, 11.919112, 12.020139, 12.121203, 12.222302, 12.323438, 12.42461, 12.525818, 12.627063, 12.728344, 12.829661, 12.931014, 13.032404, 13.133831, 13.235294, 13.336794, 13.43833, 13.539902, 13.641512, 13.743158, 13.844841, 13.946561, 14.048317, 14.150111, 14.251941, 14.353809, 14.455713, 14.557655, 14.659633, 14.761649, 14.863702, 14.965793, 15.067921, 15.170086, 15.272289, 15.374529, 15.476807, 15.579122], [8.170085, 8.270017, 8.369955, 8.469899, 8.569848, 8.669803, 8.769764, 8.86973, 8.969702, 9.06968, 9.169663, 9.269652, 9.369646, 9.469646, 9.569652, 9.669663, 9.76968, 9.869702, 9.96973, 10.069763, 10.169802, 10.269846, 10.369896, 10.469951, 10.570012, 10.670078, 10.77015, 10.870228, 10.97031, 11.070399, 11.170493, 11.270592, 11.370697, 11.470807, 11.570923, 11.671045, 11.771172, 11.871304, 11.971442, 12.071586, 12.171735, 12.27189, 12.37205, 12.472215, 12.572387, 12.672564, 12.772746, 12.872934, 12.973127, 13.073326, 13.173531, 13.273741, 13.373957, 13.474179, 13.574406, 13.674638, 13.774877, 13.87512, 13.97537, 14.075625, 14.175886, 14.276153, 14.376425, 14.476703, 14.576986, 14.677275, 14.77757, 14.877871, 14.978177, 15.078489, 15.178807, 15.279131, 15.37946, 15.479795, 15.580136, 15.680482, 15.780835, 15.881193] ];
FCR = [0.361472, 0.375197, 0.389266, 0.403682, 0.418449, 0.433572, 0.449056, 0.464903, 0.481119, 0.497708, 0.514674, 0.532021, 0.549754, 0.567876, 0.586392, 0.605307, 0.624624, 0.644347, 0.664482, 0.685031, 0.706, 0.727393, 0.749213, 0.771465, 0.794154, 0.817283, 0.840857, 0.86488, 0.889357, 0.91429, 0.939686, 0.965547, 0.991879, 1.018685, 1.04597, 1.073738, 1.101993, 1.130739, 1.159981, 1.189722, 1.219968, 1.250722, 1.281989, 1.313772, 1.346077, 1.378906, 1.412265, 1.446158, 1.480589, 1.515562, 1.551082, 1.587152, 1.623777, 1.660962, 1.698709, 1.737025, 1.775912, 1.815375, 1.855419, 1.896047, 1.937264, 1.979074, 2.021481, 2.06449, 2.108105, 2.152329, 2.197168, 2.242625, 2.288705, 2.335412, 2.38275, 2.430723, 2.479336, 2.528593, 2.578498, 2.629056, 2.68027, 2.732144];  // fuel consumption rate when steaming at s[k] (MT/h)
